#BH groups
3,14,5,14,13,14,0,3,1,3,2,3,*
3,14,5,14,13,14,0,4,1,4,3,4,*
3,14,5,14,13,14,1,7,2,7,4,7,*
0,5,1,5,4,5,1,6,1,2,5,6,*
0,5,1,5,4,5,1,10,1,2,9,10,*
1,6,11,30,29,30,0,5,1,5,4,5,*
1,6,11,30,29,30,0,4,1,4,3,4,*
1,6,2,3,5,6,0,4,1,4,3,4,*
1,9,4,9,7,9,0,6,1,6,1,2,*
1,9,4,9,7,9,0,4,1,4,3,4,*
1,12,7,12,5,6,0,4,1,4,3,4,*
# JRP groups
#3|3|3|2
4,15,9,15,14,15,1,12,4,12,7,12,5
5,18,11,18,17,18,1,12,4,12,7,12,6
6,21,13,21,20,21,1,12,4,12,7,12,7
7,24,15,24,23,24,1,12,4,12,7,12,8
8,27,17,27,26,27,1,12,4,12,7,12,9
9,30,19,30,29,30,1,12,4,12,7,12,10
11,36,23,36,35,36,1,12,4,12,7,12,12
17,54,35,54,53,54,1,12,4,12,7,12,18
#3|3|3|3
3,12,7,12,11,12,1,18,7,18,10,18,4
4,15,9,15,14,15,1,18,7,18,10,18,5
5,18,11,18,17,18,1,18,7,18,10,18,6
6,21,13,21,20,21,1,18,7,18,10,18,7
7,24,15,24,23,24,1,18,7,18,10,18,8
8,27,17,27,26,27,1,18,7,18,10,18,9
9,30,19,30,29,30,1,18,7,18,10,18,10
11,36,23,36,35,36,1,18,7,18,10,18,12
17,54,35,54,53,54,1,18,7,18,10,18,18
#3|3|3|4
2,9,5,9,8,9,1,24,10,24,13,24,3
3,12,7,12,11,12,1,24,10,24,13,24,4
4,15,9,15,14,15,1,24,10,24,13,24,5
5,18,11,18,17,18,1,24,10,24,13,24,6
7,24,15,24,23,24,1,24,10,24,13,24,8
11,36,23,36,35,36,1,24,10,24,13,24,12
#3|3|3|5
2,9,5,9,8,9,1,30,13,30,16,30,3
3,12,7,12,11,12,1,30,13,30,16,30,4
4,15,9,15,14,15,1,30,13,30,16,30,5
9,30,19,30,29,30,1,30,13,30,16,30,10
#3|3|3|6
2,9,5,9,8,9,1,36,16,36,19,36,3
3,12,7,12,11,12,1,36,16,36,19,36,4
5,18,11,18,17,18,1,36,16,36,19,36,6
#3|3|3|7
2,9,5,9,8,9,1,42,19,42,22,42,3
6,21,13,21,20,21,1,42,19,42,22,42,7
#3|3|3|8
2,9,5,9,8,9,1,48,22,48,25,48,3
3,12,7,12,11,12,1,48,22,48,25,48,4
#3|3|3|9
2,9,5,9,8,9,1,54,25,54,28,54,3
#3|3|3|10
2,9,5,9,8,9,1,60,28,60,31,60,3
#3|3|3|12
2,9,5,9,8,9,1,72,34,72,37,72,3
#4|4|4|3
1,6,3,6,5,6,3,7,5,7,6,7,2
2,9,5,9,8,9,3,7,5,7,6,7,3
3,12,7,12,11,12,3,7,5,7,6,7,4
4,15,9,15,14,15,3,7,5,7,6,7,5
5,18,11,18,17,18,3,7,5,7,6,7,6
6,21,13,21,20,21,3,7,5,7,6,7,7
7,24,15,24,23,24,3,7,5,7,6,7,8
8,27,17,27,26,27,3,7,5,7,6,7,9
9,30,19,30,29,30,3,7,5,7,6,7,10
11,36,23,36,35,36,3,7,5,7,6,7,12
17,54,35,54,53,54,3,7,5,7,6,7,18
#4|4|4|4
2,9,5,9,8,9,1,12,1,6,3,4,3
3,12,7,12,11,12,1,12,1,6,3,4,4
4,15,9,15,14,15,1,12,1,6,3,4,5
5,18,11,18,17,18,1,12,1,6,3,4,6
7,24,15,24,23,24,1,12,1,6,3,4,8
11,36,23,36,35,36,1,12,1,6,3,4,12
#4|4|4|5
1,6,3,6,5,6,1,9,13,90,67,90,2
2,9,5,9,8,9,1,9,13,90,67,90,3
3,12,7,12,11,12,1,9,13,90,67,90,4
#5|5|5|3
2,9,5,9,8,9,0,5,1,5,4,5,3
3,12,7,12,11,12,0,5,1,5,4,5,4
4,15,9,15,14,15,0,5,1,5,4,5,5
9,30,19,30,29,30,0,5,1,5,4,5,10
#5|5|5|5
1,6,3,6,5,6,1,10,2,15,23,30,2
2,9,5,9,8,9,1,10,2,15,23,30,3
3,12,7,12,11,12,1,10,2,15,23,30,4
4,15,9,15,14,15,1,10,2,15,23,30,5
9,30,19,30,29,30,1,10,2,15,23,30,10
#6|6|6|4
2,9,5,9,8,9,1,8,3,8,1,2,3
3,12,7,12,11,12,1,8,3,8,1,2,4
5,18,11,18,17,18,1,8,3,8,1,2,6
#3|3|3|3
3,8,1,2,7,8,1,12,1,3,7,12,4
4,10,1,2,9,10,1,12,1,3,7,12,5
5,12,1,2,11,12,1,12,1,3,7,12,6
6,14,1,2,13,14,1,12,1,3,7,12,7
7,16,1,2,15,16,1,12,1,3,7,12,8
8,18,1,2,17,18,1,12,1,3,7,12,9
9,20,1,2,19,20,1,12,1,3,7,12,10
11,24,1,2,23,24,1,12,1,3,7,12,12
17,36,1,2,35,36,1,12,1,3,7,12,18
#3|3|4|4
2,6,1,2,5,6,1,7,2,7,4,7,3
3,8,1,2,7,8,1,7,2,7,4,7,4
4,10,1,2,9,10,1,7,2,7,4,7,5
5,12,1,2,11,12,1,7,2,7,4,7,6
7,16,1,2,15,16,1,7,2,7,4,7,8
11,24,1,2,23,24,1,7,2,7,4,7,12
#3|3|5|5
!1,4,1,2,3,4,1,15,1,5,11,15,2
1,4,1,2,3,4,2,15,7,15,12,15,2
!2,6,1,2,5,6,1,15,1,5,11,15,3
2,6,1,2,5,6,1,15,4,15,10,15,3
!4,10,1,2,9,10,1,15,1,5,11,15,5
4,10,1,2,9,10,3,15,8,15,13,15,5
!9,20,1,2,19,20,1,15,1,5,11,15,10
9,20,1,2,19,20,4,15,9,15,14,15,10
#4|4|3|3
3,8,1,2,7,8,0,3,1,3,2,3,4
4,10,1,2,9,10,0,3,1,3,2,3,5
5,12,1,2,11,12,0,3,1,3,2,3,6
7,16,1,2,15,16,0,3,1,3,2,3,8
11,24,1,2,23,24,0,3,1,3,2,3,12
#4|4|4|4
2,6,1,2,5,6,1,8,1,4,5,8,3
3,8,1,2,7,8,1,8,1,4,5,8,4
4,10,1,2,9,10,1,8,1,4,5,8,5
5,12,1,2,11,12,1,8,1,4,5,8,6
7,16,1,2,15,16,1,8,1,4,5,8,8
11,24,1,2,23,24,1,8,1,4,5,8,12
#5|5|4|4
2,6,1,2,5,6,1,15,4,15,2,3,3
3,8,1,2,7,8,1,15,4,15,2,3,4
4,10,1,2,9,10,1,15,4,15,2,3,5
#5|5|5|5
1,4,1,2,3,4,3,20,1,5,13,20,2
2,6,1,2,5,6,3,20,1,5,13,20,3
3,8,1,2,7,8,3,20,1,5,13,20,4
4,10,1,2,9,10,3,20,1,5,13,20,5
9,20,1,2,19,20,3,20,1,5,13,20,10
#3|3|4|3
1,6,5,6,2,3,1,8,1,4,5,8,3
1,6,5,6,3,4,1,8,1,4,5,8,4
1,6,5,6,4,5,1,8,1,4,5,8,5
![ERROR]1,6,5,6,5,6,1,8,1,4,5,8,6
1,6,5,6,7,8,1,8,1,4,5,8,8
1,6,5,6,11,12,1,8,1,4,5,8,12
#3|3|4|4
1,4,3,4,2,3,1,7,2,7,4,7,3
![ERROR]1,4,3,4,3,4,1,7,2,7,4,7,4
1,4,3,4,4,5,1,7,2,7,4,7,5
1,4,3,4,5,6,1,7,2,7,4,7,6
1,4,3,4,7,8,1,7,2,7,4,7,8
1,4,3,4,11,12,1,7,2,7,4,7,12
#3|3|4|5
3,10,7,10,2,3,2,15,1,3,8,15,3
3,10,7,10,3,4,2,15,1,3,8,15,4
3,10,7,10,4,5,2,15,1,3,8,15,5
#3|3|4|6
![ERROR]1,3,2,3,2,3,1,8,3,8,1,2,3
1,3,2,3,3,4,1,8,3,8,1,2,4
1,3,2,3,4,5,1,8,3,8,1,2,5
#3|3|4|7
5,14,9,14,1,2,23,42,4,7,37,42,2
5,14,9,14,6,7,23,42,4,7,37,42,7
#2|3|3|3
![ERROR]1,6,5,6,4,5,0,8,1,4,3,4,5
![ERROR]1,6,5,6,5,6,0,8,1,4,3,4,6
![ERROR]1,6,5,6,6,7,0,8,1,4,3,4,7
![ERROR]1,6,5,6,7,8,0,8,1,4,3,4,8
![ERROR]1,6,5,6,8,9,0,8,1,4,3,4,9
![ERROR]1,6,5,6,9,10,0,8,1,4,3,4,10
![ERROR]1,6,5,6,11,12,0,8,1,4,3,4,12
![ERROR]1,6,5,6,17,18,0,8,1,4,3,4,18
#2|3|4|4
1,4,3,4,3,4,0,7,1,3,2,3,4
1,4,3,4,4,5,0,7,1,3,2,3,5
1,4,3,4,5,6,0,7,1,3,2,3,6
1,4,3,4,7,8,0,7,1,3,2,3,8
1,4,3,4,11,12,0,7,1,3,2,3,12
#2|3|5|5
3,10,7,10,2,3,0,15,2,5,3,5,3
3,10,7,10,3,4,0,15,2,5,3,5,4
3,10,7,10,4,5,0,15,2,5,3,5,5
3,10,7,10,9,10,0,15,2,5,3,5,10
#2|3|6|6
1,3,2,3,1,2,0,8,1,2,1,2,2
1,3,2,3,2,3,0,8,1,2,1,2,3
1,3,2,3,3,4,0,8,1,2,1,2,4
1,3,2,3,5,6,0,8,1,2,1,2,6
